0000 0000                                                              add
0000 0001                                                              add
0000 0010                                                              add
0000 0011                                                              add
0000 0100                                                              add
0000 0101                                                              add
0001 0000                                                              adc
0001 0001                                                              adc
0001 0010                                                              adc
0001 0011                                                              adc
0001 0100                                                              adc
0001 0101                                                              adc
0010 0000                                                              and
0010 0001                                                              and
0010 0010                                                              and
0010 0011                                                              and
0010 0100                                                              and
0010 0101                                                              and
0011 0111                                                              aaa
0011 1111                                                              aas
0110 0011                                                              arpl
1000 0000                                                              adc
1000 0000                                                              add
1000 0000                                                              and
1000 0001                                                              adc
1000 0001                                                              add
1000 0001                                                              and
1000 0011                                                              adc
1000 0011                                                              add
1000 0011                                                              and
1101 0100 0000 1010                                                    aam
1101 0101 0000 1010                                                    aad
0110 0110 0000 1111 0101 1000                                          addpd
0110 0110 0000 1111 0101 0101                                          andnpd
0110 0110 0000 1111 1101 0000                                          addsubpd
1111 0010 0000 1111 0101 1000                                          addsd
1111 0010 0000 1111 1101 0000                                          addsubps
1111 0011 0000 1111 0101 1000                                          addss
1111 0011 0000 1111 1101 1111                                          aesdec256kl
0110 0110 0000 1111 0011 1000 1101 1011                                aesimc
0110 0110 0000 1111 0011 1000 1101 1100                                aesenc
0110 0110 0000 1111 0011 1000 1101 1101                                aesenclast
0110 0110 0000 1111 0011 1000 1101 1110                                aesdec
0110 0110 0000 1111 0011 1000 1101 1111                                aesdeclast
0110 0110 0000 1111 0011 1000 1111 0110                                adcx
0110 0110 0000 1111 0011 1010 0000 1100                                blendps
0110 0110 0000 1111 0011 1010 0000 1101                                blendpd
0110 0110 0000 1111 0011 1010 1101 1111                                aeskeygenassist
1111 0011 0000 1111 0011 1000 1101 1000                                aesdecwide128kl
1111 0011 0000 1111 0011 1000 1101 1000                                aesencwide128kl
1111 0011 0000 1111 0011 1000 1101 1000                                aesdecwide256kl
1111 0011 0000 1111 0011 1000 1101 1000                                aesencwide256kl
1111 0011 0000 1111 0011 1000 1101 1100                                aesenc128kl
1111 0011 0000 1111 0011 1000 1101 1101                                aesdec128kl
1111 0011 0000 1111 0011 1000 1101 1110                                aesenc256kl
1111 0011 0000 1111 0011 1000 1111 0110                                adox
