This file lists and translates x86 instructions to binary.
https://www.felixcloutier.com/x86

0000 0000
0000 0001
0000 0101
0000 0110
ADD

0001 0000
0001 0001
0001 0010
0001 0011
0001 0100
0001 0101
ADC

0011 0111
AAA

0011 1111
AAS
                    
1000 0000
1000 0001
1000 0011
ADC

1000 0000
1000 0001
1000 0011
ADD

1101 0100 0000 1010
AAM

1101 0101 0000 1010
AAD

0110 0110 0000 1111 0101 1000
ADDPD

0110 0110 0000 1111 1101 0000
ADDSUBPD

1111 0010 0000 1111 0101 1000
ADDSD

1111 0010 0000 1111 1101 0000
ADDSUBPS

1111 0011 0000 1111 0011 1000
AESDEC128KL

1111 0011 0000 1111 0101 1000
ADDSS

1111 0011 0000 1111 1101 1111
AESDEC256KL

0110 0110 0000 1111 0011 1000 1101 1110
AESDEC

0110 0110 0000 1111 0011 1000 1111 0110
ADCX

1111 0011 0000 1111 0011 1000 1111 0110
ADOX
